18
1
24000
6000

1 0
2 25
3 16
4 68
5 111
6 79
7 38
8 85
9 42
10 67
11 10
12 8
13 8
14 91
15 13
16 51
17 14
18 5

0 54.913032662631416 247.0219501351706 141.4193359452609 445.0836982152934 339.2859640203705 246.10938199298516 341.238322599402 268.1240360785819 361.49133788298195 227.72483749383534 135.39886218337097 144.84545847551723 230.37258730855606 100.66049633179243 133.24944345246354 158.78047695635638 182.3099049287631
54.913032662631416 0 288.8370836253752 177.57790918121927 486.00228407386186 331.73374888080207 292.8205495225633 336.3711575346067 296.0347076407827 374.01641182962624 267.7848921155574 166.2723046368045 199.57889594316248 284.2991122148575 45.81852208752129 107.71417094154414 106.87845035307717 127.84739811519178
247.0219501351706 288.8370836253752 0 307.3809851980348 503.3846963024904 562.6369254644658 314.6988307788706 560.3389145140968 418.9407051037707 543.266470566634 23.682848040833964 129.31844559114245 189.2824066878047 226.33565163937652 328.4372257827436 379.65626195575555 354.3962879268734 389.26249490283806
141.4193359452609 177.57790918121927 307.3809851980348 0 308.61760515320833 261.15767951310477 126.24740070734534 256.5409216491683 129.34018606154427 239.74700425321103 296.4899745605989 241.7498051458056 123.93923808546519 163.42262687155468 211.94884053367227 161.69235928665734 281.0421598928405 293.2084394531603
445.0836982152934 486.00228407386186 503.3846963024904 308.61760515320833 0 393.6189947953655 205.93233526896182 377.85594210270824 214.63622767795627 267.2095966442361 506.3757659043968 505.78871201637753 344.15251348693846 278.0824068451824 519.9659439862977 452.5646393556775 589.3818554336793 599.3639060269543
339.2859640203705 331.73374888080207 562.6369254644658 261.15767951310477 393.6189947953655 0 334.70452765591375 16.91748826603059 209.55817996818473 132.56896451085143 548.7210153229064 472.3742460901836 384.9928271985696 411.53549862685674 328.8643795029515 227.56534441653196 381.9940377767366 366.8713840582348
246.10938199298516 292.8205495225633 314.6988307788706 126.24740070734534 205.93233526896182 334.70452765591375 0 324.6550487120616 132.4301951698452 260.4486752389118 313.1200581179022 300.5567716023493 139.61654756657447 95.58489867796574 332.1503533169734 287.6426950872508 399.3549331594069 415.2707280566922
341.238322599402 336.3711575346067 560.3389145140968 256.5409216491683 377.85594210270824 16.91748826603059 324.6550487120616 0 197.52310506888313 115.77577854782197 547.0097156650563 473.16209230540215 380.4729685879353 403.64982953830906 335.68858393349853 233.953692454378 390.6613902964211 376.7835126585466
268.1240360785819 296.0347076407827 418.9407051037707 129.34018606154427 214.63622767795627 209.55817996818473 132.4301951698452 197.52310506888313 0 129.73292324727976 411.882231238175 369.10375221019245 229.78040261343563 222.2476030948054 321.9874800366651 242.44692060475177 391.27472996973586 395.70751522468856
361.49133788298195 374.01641182962624 543.266470566634 239.74700425321103 267.2095966442361 132.56896451085143 260.4486752389118 115.77577854782197 129.73292324727976 0 534.324317169205 479.7162532562548 354.3632214833284 351.9214817099601 386.9047909162853 289.28561558124017 451.06870942193524 445.310422172048
227.72483749383534 267.7848921155574 23.682848040833964 296.4899745605989 506.3757659043968 548.7210153229064 313.1200581179022 547.0097156650563 411.882231238175 534.324317169205 0 106.29102196722123 182.37638604233652 228.33212782229376 306.58694941306806 360.8161179717544 331.17982757532036 366.1878728128389
135.39886218337097 166.2723046368045 129.31844559114245 241.7498051458056 505.78871201637753 472.3742460901836 300.5567716023493 473.16209230540215 369.10375221019245 479.7162532562548 106.29102196722123 0 161.69502345797838 239.609729044933 202.1157994182968 266.7210260178904 225.1239933108954 259.9485281522801
144.84545847551723 199.57889594316248 189.2824066878047 123.93923808546519 344.15251348693846 384.9928271985696 139.61654756657447 380.4729685879353 229.78040261343563 354.3632214833284 182.37638604233652 161.69502345797838 0 88.1168448419276 245.0096758855094 244.86102442749956 302.45878079967645 327.1493230104351
230.37258730855606 284.2991122148575 226.33565163937652 163.42262687155468 278.0824068451824 411.53549862685674 95.58489867796574 403.64982953830906 222.2476030948054 351.9214817099601 228.33212782229376 239.609729044933 88.1168448419276 0 328.9266815287748 313.7004486651274 388.9869622578117 412.1330937124435
100.66049633179243 45.81852208752129 328.4372257827436 211.94884053367227 519.9659439862977 328.8643795029515 332.1503533169734 335.68858393349853 321.9874800366651 386.9047909162853 306.58694941306806 202.1157994182968 245.0096758855094 328.9266815287748 0 101.85232300432666 69.65901662054124 83.86681830977737
133.24944345246354 107.71417094154414 379.65626195575555 161.69235928665734 452.5646393556775 227.56534441653196 287.6426950872508 233.953692454378 242.44692060475177 289.28561558124017 360.8161179717544 266.7210260178904 244.86102442749956 313.7004486651274 101.85232300432666 0 161.97745821489647 157.41854449776363
158.78047695635638 106.87845035307717 354.3962879268734 281.0421598928405 589.3818554336793 381.9940377767366 399.3549331594069 390.6613902964211 391.27472996973586 451.06870942193524 331.17982757532036 225.1239933108954 302.45878079967645 388.9869622578117 69.65901662054124 161.97745821489647 0 36.39404232995408
182.3099049287631 127.84739811519178 389.26249490283806 293.2084394531603 599.3639060269543 366.8713840582348 415.2707280566922 376.7835126585466 395.70751522468856 445.310422172048 366.1878728128389 259.9485281522801 327.1493230104351 412.1330937124435 83.86681830977737 157.41854449776363 36.39404232995408 0
