10
2
360
180
20
0 0
1 36
2 28
3 18
4 10
5 7
6 5
7 18
8 33
9 5

0 603.6653295649314 511.562402097674 562.7323545979287 654.7504681205846 531.170605215468 368.6041952325652 411.32295042359044 1011.3469767587353 468.77685070282405
603.6653295649314 0 571.4260832229231 544.5785970328221 515.5580397978724 888.3325862029495 491.42820166105355 704.8657750557306 825.2767812687256 879.8351353875184
511.562402097674 571.4260832229231 0 72.2761099921573 192.90866538972548 372.95831594131874 747.9966740493077 220.8336334575128 506.0307402354144 977.0447938714044
562.7323545979287 544.5785970328221 72.2761099921573 0 120.65635912865775 439.89792331020806 770.8819978763155 293.0036883503817 448.75885105774114 1022.9215508922096
654.7504681205846 515.5580397978724 192.90866538972548 120.65635912865775 0 555.6676253980709 818.471689377437 413.65097028980693 368.36683578519086 1103.0340793552648
531.170605215468 888.3325862029495 372.95831594131874 439.89792331020806 555.6676253980709 0 882.7439664394175 183.4695438406902 767.1699228020019 960.2655814708953
368.6041952325652 491.42820166105355 747.9966740493077 770.8819978763155 818.471689377437 882.7439664394175 0 733.4983901314658 1184.3987680535015 397.7663517380715
411.32295042359044 704.8657750557306 220.8336334575128 293.0036883503817 413.65097028980693 183.4695438406902 733.4983901314658 0 692.4721884061338 872.2345105365675
1011.3469767587353 825.2767812687256 506.0307402354144 448.75885105774114 368.36683578519086 767.1699228020019 1184.3987680535015 692.4721884061338 0 1468.0898790797214
468.77685070282405 879.8351353875184 977.0447938714044 1022.9215508922096 1103.0340793552648 960.2655814708953 397.7663517380715 872.2345105365675 1468.0898790797214 0
