21
2
360
360
20
0 0
1 36
2 13
3 28
4 18
5 10
6 10
7 7
8 57
9 12
10 13
11 14
12 14
13 5
14 13
15 18
16 15
17 7
18 14
19 5
20 14

0 603.6653295649314 738.3122992586893 511.562402097674 562.7323545979287 654.7504681205846 719.4885002138931 531.170605215468 590.1972179460203 323.2623768637914 431.1200387588457 530.213581864876 445.20843630742587 368.6041952325652 776.6818737485718 411.32295042359044 860.2933272335446 870.431159936041 907.12982966297 468.77685070282405 693.7631193334867
603.6653295649314 0 185.799545262241 571.4260832229231 544.5785970328221 515.5580397978724 584.8415002633367 888.3325862029495 72.68732715789297 280.4915258315155 172.54676860868616 73.60863715291467 308.94042513478456 491.42820166105355 242.37701279625628 704.8657750557306 622.2093898850866 618.7469953552202 680.9312832175015 879.8351353875184 507.6236919029493
738.3122992586893 185.799545262241 0 566.6034498038176 519.0080018076011 450.8214187450385 505.5422263583006 923.2806176068581 155.61772292131883 427.2676463520437 325.95130625595215 237.6153790361457 346.95457411993596 674.4057817750722 57.444377674068996 744.6691198988107 498.5954269963854 490.8079900251547 554.3433614621279 1057.057854298924 425.6511248164283
511.562402097674 571.4260832229231 566.6034498038176 0 72.2761099921573 192.90866538972548 230.5808526000152 372.95831594131874 506.1146379019409 458.6989783444666 483.88986611771037 525.0486014544883 266.2294602681731 747.9966740493077 566.0361665435727 220.8336334575128 387.68145709313734 402.43153305403035 421.79787461349184 977.0447938714044 243.44164485148207
562.7323545979287 544.5785970328221 519.0080018076011 72.2761099921573 0 120.65635912865775 162.8381444855396 439.89792331020806 475.7535905379214 469.1176363998668 478.00005823295277 505.86747792049937 253.18959163829513 770.8819978763155 512.9461670524806 293.0036883503817 317.8628381766223 332.05422863550064 354.9292010865844 1022.9215508922096 171.2416247700143
654.7504681205846 515.5580397978724 450.8214187450385 192.90866538972548 120.65635912865775 0 76.48721735534251 555.6676253980709 443.16745286564094 505.8560767720468 488.42865699221454 492.2405875380859 272.2078516410745 818.471689377437 433.5326735384643 413.65097028980693 206.95539683281064 218.949402662174 252.46376736338584 1103.0340793552648 50.68642392348533
719.4885002138931 584.8415002633367 505.5422263583006 230.5808526000152 162.8381444855396 76.48721735534251 0 567.2351596045384 512.179621451766 582.0854316312748 564.3854753492485 565.1611120742972 348.632569715464 894.3036430479245 481.76633166688987 444.16234952417443 158.1358942555669 173.94421954617218 192.09109481131102 1172.9763398826512 80.06979416566178
531.170605215468 888.3325862029495 923.2806176068581 372.95831594131874 439.89792331020806 555.6676253980709 567.2351596045384 0 834.1793170456906 684.3427948536131 755.2871316468743 826.9423405421451 586.2555611087516 882.7439664394175 930.2180541126731 183.4695438406902 719.8662869265042 737.2920938978865 735.7508629450347 960.2655814708953 605.6204669323521
590.1972179460203 72.68732715789297 155.61772292131883 506.1146379019409 475.7535905379214 443.16745286564094 512.179621451766 834.1793170456906 0 273.42609258111185 170.3962379039171 86.41154842581908 249.02369934620245 524.6819250234109 205.83943507409307 651.1498581113411 551.6973143470804 548.8168353918768 610.5637144681476 902.6227968478064 434.94480992116604
323.2623768637914 280.4915258315155 427.2676463520437 458.6989783444666 469.1176363998668 505.8560767720468 582.0854316312748 684.3427948536131 273.42609258111185 0 107.9944584768213 207.1985187601284 234.17643597763785 314.19068481163316 472.28244527458565 508.1659192051198 683.3136224749761 687.5555046882122 739.5630893570578 649.1519859861029 525.4033377732663
431.1200387588457 172.54676860868616 325.95130625595215 483.88986611771037 478.00005823295277 488.42865699221454 564.3854753492485 755.2871316468743 170.3962379039171 107.9944584768213 0 99.20629585099854 225.15813279271188 369.53925954897505 374.4607074577572 573.8391679266805 643.734865563194 645.2417912903386 701.9806697354315 735.3483259335659 497.8047142329107
530.213581864876 73.60863715291467 237.6153790361457 525.0486014544883 505.86747792049937 492.2405875380859 565.1611120742972 826.9423405421451 86.41154842581908 207.1985187601284 99.20629585099854 0 258.91264901988535 438.6475232341039 290.4504985377494 643.6859528038375 620.9410179948061 619.6454877084194 679.9433438185733 819.5622132329894 491.44398956638844
445.20843630742587 308.94042513478456 346.95457411993596 266.2294602681731 253.18959163829513 272.2078516410745 348.632569715464 586.2555611087516 249.02369934620245 234.17643597763785 225.15813279271188 258.91264901988535 0 547.9562609220004 367.0242303523039 403.978948302075 452.23146808747504 457.7960485161747 507.34388702158407 856.8407336427733 291.5902934782393
368.6041952325652 491.42820166105355 674.4057817750722 747.9966740493077 770.8819978763155 818.471689377437 894.3036430479245 882.7439664394175 524.6819250234109 314.19068481163316 369.53925954897505 438.6475232341039 547.9562609220004 0 728.6767612385412 733.4983901314658 997.1922072825778 1001.0561805030316 1053.6625214530193 397.7663517380715 839.4611034790963
776.6818737485718 242.37701279625628 57.444377674068996 566.0361665435727 512.9461670524806 433.5326735384643 481.76633166688987 930.2180541126731 205.83943507409307 472.28244527458565 374.4607074577572 290.4504985377494 367.0242303523039 728.6767612385412 0 754.8774844077341 459.34932839160075 450.14059690678647 513.34065580942 1108.4201300651118 403.03535445300747
411.32295042359044 704.8657750557306 744.6691198988107 220.8336334575128 293.0036883503817 413.65097028980693 444.16234952417443 183.4695438406902 651.1498581113411 508.1659192051198 573.8391679266805 643.6859528038375 403.978948302075 733.4983901314658 754.8774844077341 0 602.2557207746368 618.0503949846665 630.0423167357084 872.2345105365675 464.2421151280597
860.2933272335446 622.2093898850866 498.5954269963854 387.68145709313734 317.8628381766223 206.95539683281064 158.1358942555669 719.8662869265042 551.6973143470804 683.3136224749761 643.734865563194 620.9410179948061 452.23146808747504 997.1922072825778 459.34932839160075 602.2557207746368 0 18.417549320392016 59.00862438596667 1302.4109948987737 166.9799724140071
870.431159936041 618.7469953552202 490.8079900251547 402.43153305403035 332.05422863550064 218.949402662174 173.94421954617218 737.2920938978865 548.8168353918768 687.5555046882122 645.2417912903386 619.6454877084194 457.7960485161747 1001.0561805030316 450.14059690678647 618.0503949846665 18.417549320392016 0 63.55536234387038 1310.1396404882769 176.67431289706187
907.12982966297 680.9312832175015 554.3433614621279 421.79787461349184 354.9292010865844 252.46376736338584 192.09109481131102 735.7508629450347 610.5637144681476 739.5630893570578 701.9806697354315 679.9433438185733 507.34388702158407 1053.6625214530193 513.34065580942 630.0423167357084 59.00862438596667 63.55536234387038 0 1353.735063837869 218.020455655327
468.77685070282405 879.8351353875184 1057.057854298924 977.0447938714044 1022.9215508922096 1103.0340793552648 1172.9763398826512 960.2655814708953 902.6227968478064 649.1519859861029 735.3483259335659 819.5622132329894 856.8407336427733 397.7663517380715 1108.4201300651118 872.2345105365675 1302.4109948987737 1310.1396404882769 1353.735063837869 0 1136.0656559191862
693.7631193334867 507.6236919029493 425.6511248164283 243.44164485148207 171.2416247700143 50.68642392348533 80.06979416566178 605.6204669323521 434.94480992116604 525.4033377732663 497.8047142329107 491.44398956638844 291.5902934782393 839.4611034790963 403.03535445300747 464.2421151280597 166.9799724140071 176.67431289706187 218.020455655327 1136.0656559191862 0
